{
 "cells": [
  {
   "cell_type": "markdown",
   "id": "7ec4c7d9-5272-43f8-9f56-820bd0db43e4",
   "metadata": {},
   "source": [
    "---\n",
    "\n",
    "# SORTING DATAFRAMES BY INDICES\n",
    "\n",
    "---"
   ]
  },
  {
   "cell_type": "code",
   "execution_count": 1,
   "id": "f5ca07f9-1519-4750-bbfc-4e627dd1df7d",
   "metadata": {},
   "outputs": [],
   "source": [
    "import pandas as pd\n",
    "import numpy as np"
   ]
  },
  {
   "cell_type": "code",
   "execution_count": 2,
   "id": "6a33feeb-4813-4d1b-98e8-a8c84771e124",
   "metadata": {},
   "outputs": [
    {
     "data": {
      "text/html": [
       "<div>\n",
       "<style scoped>\n",
       "    .dataframe tbody tr th:only-of-type {\n",
       "        vertical-align: middle;\n",
       "    }\n",
       "\n",
       "    .dataframe tbody tr th {\n",
       "        vertical-align: top;\n",
       "    }\n",
       "\n",
       "    .dataframe thead th {\n",
       "        text-align: right;\n",
       "    }\n",
       "</style>\n",
       "<table border=\"1\" class=\"dataframe\">\n",
       "  <thead>\n",
       "    <tr style=\"text-align: right;\">\n",
       "      <th></th>\n",
       "      <th>id</th>\n",
       "      <th>date</th>\n",
       "      <th>store_nbr</th>\n",
       "      <th>family</th>\n",
       "      <th>sales</th>\n",
       "      <th>onpromotion</th>\n",
       "    </tr>\n",
       "  </thead>\n",
       "  <tbody>\n",
       "    <tr>\n",
       "      <th>0</th>\n",
       "      <td>1945944</td>\n",
       "      <td>2016-01-01</td>\n",
       "      <td>1</td>\n",
       "      <td>AUTOMOTIVE</td>\n",
       "      <td>0.0</td>\n",
       "      <td>0</td>\n",
       "    </tr>\n",
       "    <tr>\n",
       "      <th>1</th>\n",
       "      <td>1945945</td>\n",
       "      <td>2016-01-01</td>\n",
       "      <td>1</td>\n",
       "      <td>BABY CARE</td>\n",
       "      <td>0.0</td>\n",
       "      <td>0</td>\n",
       "    </tr>\n",
       "    <tr>\n",
       "      <th>2</th>\n",
       "      <td>1945946</td>\n",
       "      <td>2016-01-01</td>\n",
       "      <td>1</td>\n",
       "      <td>BEAUTY</td>\n",
       "      <td>0.0</td>\n",
       "      <td>0</td>\n",
       "    </tr>\n",
       "    <tr>\n",
       "      <th>3</th>\n",
       "      <td>1945947</td>\n",
       "      <td>2016-01-01</td>\n",
       "      <td>1</td>\n",
       "      <td>BEVERAGES</td>\n",
       "      <td>0.0</td>\n",
       "      <td>0</td>\n",
       "    </tr>\n",
       "    <tr>\n",
       "      <th>4</th>\n",
       "      <td>1945948</td>\n",
       "      <td>2016-01-01</td>\n",
       "      <td>1</td>\n",
       "      <td>BOOKS</td>\n",
       "      <td>0.0</td>\n",
       "      <td>0</td>\n",
       "    </tr>\n",
       "  </tbody>\n",
       "</table>\n",
       "</div>"
      ],
      "text/plain": [
       "        id        date  store_nbr      family  sales  onpromotion\n",
       "0  1945944  2016-01-01          1  AUTOMOTIVE    0.0            0\n",
       "1  1945945  2016-01-01          1   BABY CARE    0.0            0\n",
       "2  1945946  2016-01-01          1      BEAUTY    0.0            0\n",
       "3  1945947  2016-01-01          1   BEVERAGES    0.0            0\n",
       "4  1945948  2016-01-01          1       BOOKS    0.0            0"
      ]
     },
     "execution_count": 2,
     "metadata": {},
     "output_type": "execute_result"
    }
   ],
   "source": [
    "retail_df = pd.read_csv('Data/retail_2016_2017.csv')\n",
    "retail_df.head()"
   ]
  },
  {
   "cell_type": "code",
   "execution_count": 3,
   "id": "71188d0b-03f5-4032-86b6-85c6261c641a",
   "metadata": {},
   "outputs": [
    {
     "data": {
      "text/html": [
       "<div>\n",
       "<style scoped>\n",
       "    .dataframe tbody tr th:only-of-type {\n",
       "        vertical-align: middle;\n",
       "    }\n",
       "\n",
       "    .dataframe tbody tr th {\n",
       "        vertical-align: top;\n",
       "    }\n",
       "\n",
       "    .dataframe thead th {\n",
       "        text-align: right;\n",
       "    }\n",
       "</style>\n",
       "<table border=\"1\" class=\"dataframe\">\n",
       "  <thead>\n",
       "    <tr style=\"text-align: right;\">\n",
       "      <th></th>\n",
       "      <th>id</th>\n",
       "      <th>date</th>\n",
       "      <th>store_nbr</th>\n",
       "      <th>family</th>\n",
       "      <th>sales</th>\n",
       "      <th>onpromotion</th>\n",
       "    </tr>\n",
       "  </thead>\n",
       "  <tbody>\n",
       "    <tr>\n",
       "      <th>74292</th>\n",
       "      <td>2020236</td>\n",
       "      <td>2016-02-11</td>\n",
       "      <td>43</td>\n",
       "      <td>DELI</td>\n",
       "      <td>212.000</td>\n",
       "      <td>2</td>\n",
       "    </tr>\n",
       "    <tr>\n",
       "      <th>13506</th>\n",
       "      <td>1959450</td>\n",
       "      <td>2016-01-08</td>\n",
       "      <td>38</td>\n",
       "      <td>DELI</td>\n",
       "      <td>131.545</td>\n",
       "      <td>43</td>\n",
       "    </tr>\n",
       "    <tr>\n",
       "      <th>882588</th>\n",
       "      <td>2828532</td>\n",
       "      <td>2017-05-11</td>\n",
       "      <td>23</td>\n",
       "      <td>BEVERAGES</td>\n",
       "      <td>1194.000</td>\n",
       "      <td>22</td>\n",
       "    </tr>\n",
       "    <tr>\n",
       "      <th>445008</th>\n",
       "      <td>2390952</td>\n",
       "      <td>2016-09-06</td>\n",
       "      <td>45</td>\n",
       "      <td>BEVERAGES</td>\n",
       "      <td>8339.000</td>\n",
       "      <td>19</td>\n",
       "    </tr>\n",
       "    <tr>\n",
       "      <th>495966</th>\n",
       "      <td>2441910</td>\n",
       "      <td>2016-10-05</td>\n",
       "      <td>25</td>\n",
       "      <td>DELI</td>\n",
       "      <td>0.000</td>\n",
       "      <td>0</td>\n",
       "    </tr>\n",
       "  </tbody>\n",
       "</table>\n",
       "</div>"
      ],
      "text/plain": [
       "             id        date  store_nbr     family     sales  onpromotion\n",
       "74292   2020236  2016-02-11         43       DELI   212.000            2\n",
       "13506   1959450  2016-01-08         38       DELI   131.545           43\n",
       "882588  2828532  2017-05-11         23  BEVERAGES  1194.000           22\n",
       "445008  2390952  2016-09-06         45  BEVERAGES  8339.000           19\n",
       "495966  2441910  2016-10-05         25       DELI     0.000            0"
      ]
     },
     "execution_count": 3,
     "metadata": {},
     "output_type": "execute_result"
    }
   ],
   "source": [
    "condition = retail_df.family.isin(['BEVERAGES', 'DELI', 'DAIRY'])\n",
    "\n",
    "sample_df = retail_df[condition].sample(5, random_state=2021)\n",
    "sample_df"
   ]
  },
  {
   "cell_type": "markdown",
   "id": "9d29a4b0-2fb4-4f02-b285-21441d18389e",
   "metadata": {},
   "source": [
    "---\n",
    "\n",
    "## Sorting Indexm"
   ]
  },
  {
   "cell_type": "code",
   "execution_count": 4,
   "id": "8327d8e8-325d-431e-aaa5-41a69e93d930",
   "metadata": {},
   "outputs": [
    {
     "data": {
      "text/html": [
       "<div>\n",
       "<style scoped>\n",
       "    .dataframe tbody tr th:only-of-type {\n",
       "        vertical-align: middle;\n",
       "    }\n",
       "\n",
       "    .dataframe tbody tr th {\n",
       "        vertical-align: top;\n",
       "    }\n",
       "\n",
       "    .dataframe thead th {\n",
       "        text-align: right;\n",
       "    }\n",
       "</style>\n",
       "<table border=\"1\" class=\"dataframe\">\n",
       "  <thead>\n",
       "    <tr style=\"text-align: right;\">\n",
       "      <th></th>\n",
       "      <th>id</th>\n",
       "      <th>date</th>\n",
       "      <th>store_nbr</th>\n",
       "      <th>family</th>\n",
       "      <th>sales</th>\n",
       "      <th>onpromotion</th>\n",
       "    </tr>\n",
       "  </thead>\n",
       "  <tbody>\n",
       "    <tr>\n",
       "      <th>882588</th>\n",
       "      <td>2828532</td>\n",
       "      <td>2017-05-11</td>\n",
       "      <td>23</td>\n",
       "      <td>BEVERAGES</td>\n",
       "      <td>1194.000</td>\n",
       "      <td>22</td>\n",
       "    </tr>\n",
       "    <tr>\n",
       "      <th>495966</th>\n",
       "      <td>2441910</td>\n",
       "      <td>2016-10-05</td>\n",
       "      <td>25</td>\n",
       "      <td>DELI</td>\n",
       "      <td>0.000</td>\n",
       "      <td>0</td>\n",
       "    </tr>\n",
       "    <tr>\n",
       "      <th>445008</th>\n",
       "      <td>2390952</td>\n",
       "      <td>2016-09-06</td>\n",
       "      <td>45</td>\n",
       "      <td>BEVERAGES</td>\n",
       "      <td>8339.000</td>\n",
       "      <td>19</td>\n",
       "    </tr>\n",
       "    <tr>\n",
       "      <th>74292</th>\n",
       "      <td>2020236</td>\n",
       "      <td>2016-02-11</td>\n",
       "      <td>43</td>\n",
       "      <td>DELI</td>\n",
       "      <td>212.000</td>\n",
       "      <td>2</td>\n",
       "    </tr>\n",
       "    <tr>\n",
       "      <th>13506</th>\n",
       "      <td>1959450</td>\n",
       "      <td>2016-01-08</td>\n",
       "      <td>38</td>\n",
       "      <td>DELI</td>\n",
       "      <td>131.545</td>\n",
       "      <td>43</td>\n",
       "    </tr>\n",
       "  </tbody>\n",
       "</table>\n",
       "</div>"
      ],
      "text/plain": [
       "             id        date  store_nbr     family     sales  onpromotion\n",
       "882588  2828532  2017-05-11         23  BEVERAGES  1194.000           22\n",
       "495966  2441910  2016-10-05         25       DELI     0.000            0\n",
       "445008  2390952  2016-09-06         45  BEVERAGES  8339.000           19\n",
       "74292   2020236  2016-02-11         43       DELI   212.000            2\n",
       "13506   1959450  2016-01-08         38       DELI   131.545           43"
      ]
     },
     "execution_count": 4,
     "metadata": {},
     "output_type": "execute_result"
    }
   ],
   "source": [
    "# sorting by index downwards\n",
    "sample_df.sort_index(ascending=False)"
   ]
  },
  {
   "cell_type": "code",
   "execution_count": 5,
   "id": "a289d809-6992-46ce-be12-a57d5caf4c9a",
   "metadata": {},
   "outputs": [
    {
     "data": {
      "text/html": [
       "<div>\n",
       "<style scoped>\n",
       "    .dataframe tbody tr th:only-of-type {\n",
       "        vertical-align: middle;\n",
       "    }\n",
       "\n",
       "    .dataframe tbody tr th {\n",
       "        vertical-align: top;\n",
       "    }\n",
       "\n",
       "    .dataframe thead th {\n",
       "        text-align: right;\n",
       "    }\n",
       "</style>\n",
       "<table border=\"1\" class=\"dataframe\">\n",
       "  <thead>\n",
       "    <tr style=\"text-align: right;\">\n",
       "      <th></th>\n",
       "      <th>date</th>\n",
       "      <th>family</th>\n",
       "      <th>id</th>\n",
       "      <th>onpromotion</th>\n",
       "      <th>sales</th>\n",
       "      <th>store_nbr</th>\n",
       "    </tr>\n",
       "  </thead>\n",
       "  <tbody>\n",
       "    <tr>\n",
       "      <th>74292</th>\n",
       "      <td>2016-02-11</td>\n",
       "      <td>DELI</td>\n",
       "      <td>2020236</td>\n",
       "      <td>2</td>\n",
       "      <td>212.000</td>\n",
       "      <td>43</td>\n",
       "    </tr>\n",
       "    <tr>\n",
       "      <th>13506</th>\n",
       "      <td>2016-01-08</td>\n",
       "      <td>DELI</td>\n",
       "      <td>1959450</td>\n",
       "      <td>43</td>\n",
       "      <td>131.545</td>\n",
       "      <td>38</td>\n",
       "    </tr>\n",
       "    <tr>\n",
       "      <th>882588</th>\n",
       "      <td>2017-05-11</td>\n",
       "      <td>BEVERAGES</td>\n",
       "      <td>2828532</td>\n",
       "      <td>22</td>\n",
       "      <td>1194.000</td>\n",
       "      <td>23</td>\n",
       "    </tr>\n",
       "    <tr>\n",
       "      <th>445008</th>\n",
       "      <td>2016-09-06</td>\n",
       "      <td>BEVERAGES</td>\n",
       "      <td>2390952</td>\n",
       "      <td>19</td>\n",
       "      <td>8339.000</td>\n",
       "      <td>45</td>\n",
       "    </tr>\n",
       "    <tr>\n",
       "      <th>495966</th>\n",
       "      <td>2016-10-05</td>\n",
       "      <td>DELI</td>\n",
       "      <td>2441910</td>\n",
       "      <td>0</td>\n",
       "      <td>0.000</td>\n",
       "      <td>25</td>\n",
       "    </tr>\n",
       "  </tbody>\n",
       "</table>\n",
       "</div>"
      ],
      "text/plain": [
       "              date     family       id  onpromotion     sales  store_nbr\n",
       "74292   2016-02-11       DELI  2020236            2   212.000         43\n",
       "13506   2016-01-08       DELI  1959450           43   131.545         38\n",
       "882588  2017-05-11  BEVERAGES  2828532           22  1194.000         23\n",
       "445008  2016-09-06  BEVERAGES  2390952           19  8339.000         45\n",
       "495966  2016-10-05       DELI  2441910            0     0.000         25"
      ]
     },
     "execution_count": 5,
     "metadata": {},
     "output_type": "execute_result"
    }
   ],
   "source": [
    "# sorting by column index upwards\n",
    "sample_df.sort_index(axis=1)"
   ]
  },
  {
   "cell_type": "markdown",
   "id": "3b92984f-c733-420c-86da-2f2309c6dc43",
   "metadata": {},
   "source": [
    "---\n",
    "\n",
    "# Sorting Values"
   ]
  },
  {
   "cell_type": "code",
   "execution_count": 8,
   "id": "2c9ca1fd-4a89-4e4b-a295-6b76e087f27f",
   "metadata": {},
   "outputs": [
    {
     "data": {
      "text/html": [
       "<div>\n",
       "<style scoped>\n",
       "    .dataframe tbody tr th:only-of-type {\n",
       "        vertical-align: middle;\n",
       "    }\n",
       "\n",
       "    .dataframe tbody tr th {\n",
       "        vertical-align: top;\n",
       "    }\n",
       "\n",
       "    .dataframe thead th {\n",
       "        text-align: right;\n",
       "    }\n",
       "</style>\n",
       "<table border=\"1\" class=\"dataframe\">\n",
       "  <thead>\n",
       "    <tr style=\"text-align: right;\">\n",
       "      <th></th>\n",
       "      <th>id</th>\n",
       "      <th>date</th>\n",
       "      <th>store_nbr</th>\n",
       "      <th>family</th>\n",
       "      <th>sales</th>\n",
       "      <th>onpromotion</th>\n",
       "    </tr>\n",
       "  </thead>\n",
       "  <tbody>\n",
       "    <tr>\n",
       "      <th>882588</th>\n",
       "      <td>2828532</td>\n",
       "      <td>2017-05-11</td>\n",
       "      <td>23</td>\n",
       "      <td>BEVERAGES</td>\n",
       "      <td>1194.000</td>\n",
       "      <td>22</td>\n",
       "    </tr>\n",
       "    <tr>\n",
       "      <th>495966</th>\n",
       "      <td>2441910</td>\n",
       "      <td>2016-10-05</td>\n",
       "      <td>25</td>\n",
       "      <td>DELI</td>\n",
       "      <td>0.000</td>\n",
       "      <td>0</td>\n",
       "    </tr>\n",
       "    <tr>\n",
       "      <th>13506</th>\n",
       "      <td>1959450</td>\n",
       "      <td>2016-01-08</td>\n",
       "      <td>38</td>\n",
       "      <td>DELI</td>\n",
       "      <td>131.545</td>\n",
       "      <td>43</td>\n",
       "    </tr>\n",
       "    <tr>\n",
       "      <th>74292</th>\n",
       "      <td>2020236</td>\n",
       "      <td>2016-02-11</td>\n",
       "      <td>43</td>\n",
       "      <td>DELI</td>\n",
       "      <td>212.000</td>\n",
       "      <td>2</td>\n",
       "    </tr>\n",
       "    <tr>\n",
       "      <th>445008</th>\n",
       "      <td>2390952</td>\n",
       "      <td>2016-09-06</td>\n",
       "      <td>45</td>\n",
       "      <td>BEVERAGES</td>\n",
       "      <td>8339.000</td>\n",
       "      <td>19</td>\n",
       "    </tr>\n",
       "  </tbody>\n",
       "</table>\n",
       "</div>"
      ],
      "text/plain": [
       "             id        date  store_nbr     family     sales  onpromotion\n",
       "882588  2828532  2017-05-11         23  BEVERAGES  1194.000           22\n",
       "495966  2441910  2016-10-05         25       DELI     0.000            0\n",
       "13506   1959450  2016-01-08         38       DELI   131.545           43\n",
       "74292   2020236  2016-02-11         43       DELI   212.000            2\n",
       "445008  2390952  2016-09-06         45  BEVERAGES  8339.000           19"
      ]
     },
     "execution_count": 8,
     "metadata": {},
     "output_type": "execute_result"
    }
   ],
   "source": [
    "# Sorting one Column\n",
    "sample_df.sort_values(by='store_nbr')"
   ]
  },
  {
   "cell_type": "code",
   "execution_count": 9,
   "id": "a04b2f02-7d3a-4670-9803-504de0fcc20e",
   "metadata": {},
   "outputs": [
    {
     "data": {
      "text/html": [
       "<div>\n",
       "<style scoped>\n",
       "    .dataframe tbody tr th:only-of-type {\n",
       "        vertical-align: middle;\n",
       "    }\n",
       "\n",
       "    .dataframe tbody tr th {\n",
       "        vertical-align: top;\n",
       "    }\n",
       "\n",
       "    .dataframe thead th {\n",
       "        text-align: right;\n",
       "    }\n",
       "</style>\n",
       "<table border=\"1\" class=\"dataframe\">\n",
       "  <thead>\n",
       "    <tr style=\"text-align: right;\">\n",
       "      <th></th>\n",
       "      <th>id</th>\n",
       "      <th>date</th>\n",
       "      <th>store_nbr</th>\n",
       "      <th>family</th>\n",
       "      <th>sales</th>\n",
       "      <th>onpromotion</th>\n",
       "    </tr>\n",
       "  </thead>\n",
       "  <tbody>\n",
       "    <tr>\n",
       "      <th>445008</th>\n",
       "      <td>2390952</td>\n",
       "      <td>2016-09-06</td>\n",
       "      <td>45</td>\n",
       "      <td>BEVERAGES</td>\n",
       "      <td>8339.000</td>\n",
       "      <td>19</td>\n",
       "    </tr>\n",
       "    <tr>\n",
       "      <th>882588</th>\n",
       "      <td>2828532</td>\n",
       "      <td>2017-05-11</td>\n",
       "      <td>23</td>\n",
       "      <td>BEVERAGES</td>\n",
       "      <td>1194.000</td>\n",
       "      <td>22</td>\n",
       "    </tr>\n",
       "    <tr>\n",
       "      <th>74292</th>\n",
       "      <td>2020236</td>\n",
       "      <td>2016-02-11</td>\n",
       "      <td>43</td>\n",
       "      <td>DELI</td>\n",
       "      <td>212.000</td>\n",
       "      <td>2</td>\n",
       "    </tr>\n",
       "    <tr>\n",
       "      <th>13506</th>\n",
       "      <td>1959450</td>\n",
       "      <td>2016-01-08</td>\n",
       "      <td>38</td>\n",
       "      <td>DELI</td>\n",
       "      <td>131.545</td>\n",
       "      <td>43</td>\n",
       "    </tr>\n",
       "    <tr>\n",
       "      <th>495966</th>\n",
       "      <td>2441910</td>\n",
       "      <td>2016-10-05</td>\n",
       "      <td>25</td>\n",
       "      <td>DELI</td>\n",
       "      <td>0.000</td>\n",
       "      <td>0</td>\n",
       "    </tr>\n",
       "  </tbody>\n",
       "</table>\n",
       "</div>"
      ],
      "text/plain": [
       "             id        date  store_nbr     family     sales  onpromotion\n",
       "445008  2390952  2016-09-06         45  BEVERAGES  8339.000           19\n",
       "882588  2828532  2017-05-11         23  BEVERAGES  1194.000           22\n",
       "74292   2020236  2016-02-11         43       DELI   212.000            2\n",
       "13506   1959450  2016-01-08         38       DELI   131.545           43\n",
       "495966  2441910  2016-10-05         25       DELI     0.000            0"
      ]
     },
     "execution_count": 9,
     "metadata": {},
     "output_type": "execute_result"
    }
   ],
   "source": [
    "# Sorting more than one column\n",
    "sample_df.sort_values(by=['family', 'sales'], ascending=[True, False])"
   ]
  },
  {
   "cell_type": "markdown",
   "id": "a41b3888-1fb6-46a6-9e07-af890606d237",
   "metadata": {},
   "source": [
    "---\n",
    "\n",
    "# LABORATORY\n",
    "\n",
    "---"
   ]
  },
  {
   "cell_type": "code",
   "execution_count": 13,
   "id": "576f5bb0-df51-422e-a15b-bbb60ce58eee",
   "metadata": {},
   "outputs": [
    {
     "data": {
      "text/html": [
       "<div>\n",
       "<style scoped>\n",
       "    .dataframe tbody tr th:only-of-type {\n",
       "        vertical-align: middle;\n",
       "    }\n",
       "\n",
       "    .dataframe tbody tr th {\n",
       "        vertical-align: top;\n",
       "    }\n",
       "\n",
       "    .dataframe thead th {\n",
       "        text-align: right;\n",
       "    }\n",
       "</style>\n",
       "<table border=\"1\" class=\"dataframe\">\n",
       "  <thead>\n",
       "    <tr style=\"text-align: right;\">\n",
       "      <th></th>\n",
       "      <th>date</th>\n",
       "      <th>dcoilwtico</th>\n",
       "      <th>benchmark</th>\n",
       "    </tr>\n",
       "  </thead>\n",
       "  <tbody>\n",
       "    <tr>\n",
       "      <th>0</th>\n",
       "      <td>2013-01-01</td>\n",
       "      <td>NaN</td>\n",
       "      <td>100</td>\n",
       "    </tr>\n",
       "    <tr>\n",
       "      <th>1</th>\n",
       "      <td>2013-01-02</td>\n",
       "      <td>93.14</td>\n",
       "      <td>100</td>\n",
       "    </tr>\n",
       "    <tr>\n",
       "      <th>2</th>\n",
       "      <td>2013-01-03</td>\n",
       "      <td>92.97</td>\n",
       "      <td>100</td>\n",
       "    </tr>\n",
       "    <tr>\n",
       "      <th>3</th>\n",
       "      <td>2013-01-04</td>\n",
       "      <td>93.12</td>\n",
       "      <td>100</td>\n",
       "    </tr>\n",
       "    <tr>\n",
       "      <th>4</th>\n",
       "      <td>2013-01-07</td>\n",
       "      <td>93.20</td>\n",
       "      <td>100</td>\n",
       "    </tr>\n",
       "    <tr>\n",
       "      <th>...</th>\n",
       "      <td>...</td>\n",
       "      <td>...</td>\n",
       "      <td>...</td>\n",
       "    </tr>\n",
       "    <tr>\n",
       "      <th>1213</th>\n",
       "      <td>2017-08-25</td>\n",
       "      <td>47.65</td>\n",
       "      <td>100</td>\n",
       "    </tr>\n",
       "    <tr>\n",
       "      <th>1214</th>\n",
       "      <td>2017-08-28</td>\n",
       "      <td>46.40</td>\n",
       "      <td>100</td>\n",
       "    </tr>\n",
       "    <tr>\n",
       "      <th>1215</th>\n",
       "      <td>2017-08-29</td>\n",
       "      <td>46.46</td>\n",
       "      <td>100</td>\n",
       "    </tr>\n",
       "    <tr>\n",
       "      <th>1216</th>\n",
       "      <td>2017-08-30</td>\n",
       "      <td>45.96</td>\n",
       "      <td>100</td>\n",
       "    </tr>\n",
       "    <tr>\n",
       "      <th>1217</th>\n",
       "      <td>2017-08-31</td>\n",
       "      <td>47.26</td>\n",
       "      <td>100</td>\n",
       "    </tr>\n",
       "  </tbody>\n",
       "</table>\n",
       "<p>1218 rows × 3 columns</p>\n",
       "</div>"
      ],
      "text/plain": [
       "            date  dcoilwtico  benchmark\n",
       "0     2013-01-01         NaN        100\n",
       "1     2013-01-02       93.14        100\n",
       "2     2013-01-03       92.97        100\n",
       "3     2013-01-04       93.12        100\n",
       "4     2013-01-07       93.20        100\n",
       "...          ...         ...        ...\n",
       "1213  2017-08-25       47.65        100\n",
       "1214  2017-08-28       46.40        100\n",
       "1215  2017-08-29       46.46        100\n",
       "1216  2017-08-30       45.96        100\n",
       "1217  2017-08-31       47.26        100\n",
       "\n",
       "[1218 rows x 3 columns]"
      ]
     },
     "execution_count": 13,
     "metadata": {},
     "output_type": "execute_result"
    }
   ],
   "source": [
    "oil = pd.read_csv('Data/oil.csv')\n",
    "oil['benchmark'] = 100\n",
    "oil"
   ]
  },
  {
   "cell_type": "code",
   "execution_count": 14,
   "id": "f5822537-51ce-4fe1-b951-a8a36d446664",
   "metadata": {},
   "outputs": [
    {
     "data": {
      "text/html": [
       "<div>\n",
       "<style scoped>\n",
       "    .dataframe tbody tr th:only-of-type {\n",
       "        vertical-align: middle;\n",
       "    }\n",
       "\n",
       "    .dataframe tbody tr th {\n",
       "        vertical-align: top;\n",
       "    }\n",
       "\n",
       "    .dataframe thead th {\n",
       "        text-align: right;\n",
       "    }\n",
       "</style>\n",
       "<table border=\"1\" class=\"dataframe\">\n",
       "  <thead>\n",
       "    <tr style=\"text-align: right;\">\n",
       "      <th></th>\n",
       "      <th>date</th>\n",
       "      <th>dcoilwtico</th>\n",
       "      <th>benchmark</th>\n",
       "    </tr>\n",
       "  </thead>\n",
       "  <tbody>\n",
       "    <tr>\n",
       "      <th>1217</th>\n",
       "      <td>2017-08-31</td>\n",
       "      <td>47.26</td>\n",
       "      <td>100</td>\n",
       "    </tr>\n",
       "    <tr>\n",
       "      <th>1216</th>\n",
       "      <td>2017-08-30</td>\n",
       "      <td>45.96</td>\n",
       "      <td>100</td>\n",
       "    </tr>\n",
       "    <tr>\n",
       "      <th>1215</th>\n",
       "      <td>2017-08-29</td>\n",
       "      <td>46.46</td>\n",
       "      <td>100</td>\n",
       "    </tr>\n",
       "    <tr>\n",
       "      <th>1214</th>\n",
       "      <td>2017-08-28</td>\n",
       "      <td>46.40</td>\n",
       "      <td>100</td>\n",
       "    </tr>\n",
       "    <tr>\n",
       "      <th>1213</th>\n",
       "      <td>2017-08-25</td>\n",
       "      <td>47.65</td>\n",
       "      <td>100</td>\n",
       "    </tr>\n",
       "    <tr>\n",
       "      <th>...</th>\n",
       "      <td>...</td>\n",
       "      <td>...</td>\n",
       "      <td>...</td>\n",
       "    </tr>\n",
       "    <tr>\n",
       "      <th>4</th>\n",
       "      <td>2013-01-07</td>\n",
       "      <td>93.20</td>\n",
       "      <td>100</td>\n",
       "    </tr>\n",
       "    <tr>\n",
       "      <th>3</th>\n",
       "      <td>2013-01-04</td>\n",
       "      <td>93.12</td>\n",
       "      <td>100</td>\n",
       "    </tr>\n",
       "    <tr>\n",
       "      <th>2</th>\n",
       "      <td>2013-01-03</td>\n",
       "      <td>92.97</td>\n",
       "      <td>100</td>\n",
       "    </tr>\n",
       "    <tr>\n",
       "      <th>1</th>\n",
       "      <td>2013-01-02</td>\n",
       "      <td>93.14</td>\n",
       "      <td>100</td>\n",
       "    </tr>\n",
       "    <tr>\n",
       "      <th>0</th>\n",
       "      <td>2013-01-01</td>\n",
       "      <td>NaN</td>\n",
       "      <td>100</td>\n",
       "    </tr>\n",
       "  </tbody>\n",
       "</table>\n",
       "<p>1218 rows × 3 columns</p>\n",
       "</div>"
      ],
      "text/plain": [
       "            date  dcoilwtico  benchmark\n",
       "1217  2017-08-31       47.26        100\n",
       "1216  2017-08-30       45.96        100\n",
       "1215  2017-08-29       46.46        100\n",
       "1214  2017-08-28       46.40        100\n",
       "1213  2017-08-25       47.65        100\n",
       "...          ...         ...        ...\n",
       "4     2013-01-07       93.20        100\n",
       "3     2013-01-04       93.12        100\n",
       "2     2013-01-03       92.97        100\n",
       "1     2013-01-02       93.14        100\n",
       "0     2013-01-01         NaN        100\n",
       "\n",
       "[1218 rows x 3 columns]"
      ]
     },
     "execution_count": 14,
     "metadata": {},
     "output_type": "execute_result"
    }
   ],
   "source": [
    "# Sorting index\n",
    "oil.sort_index(ascending=False)"
   ]
  },
  {
   "cell_type": "code",
   "execution_count": 15,
   "id": "0af605c1-3a6d-489a-bcea-7b73ae147f13",
   "metadata": {},
   "outputs": [
    {
     "data": {
      "text/html": [
       "<div>\n",
       "<style scoped>\n",
       "    .dataframe tbody tr th:only-of-type {\n",
       "        vertical-align: middle;\n",
       "    }\n",
       "\n",
       "    .dataframe tbody tr th {\n",
       "        vertical-align: top;\n",
       "    }\n",
       "\n",
       "    .dataframe thead th {\n",
       "        text-align: right;\n",
       "    }\n",
       "</style>\n",
       "<table border=\"1\" class=\"dataframe\">\n",
       "  <thead>\n",
       "    <tr style=\"text-align: right;\">\n",
       "      <th></th>\n",
       "      <th>dcoilwtico</th>\n",
       "      <th>date</th>\n",
       "      <th>benchmark</th>\n",
       "    </tr>\n",
       "  </thead>\n",
       "  <tbody>\n",
       "    <tr>\n",
       "      <th>0</th>\n",
       "      <td>NaN</td>\n",
       "      <td>2013-01-01</td>\n",
       "      <td>100</td>\n",
       "    </tr>\n",
       "    <tr>\n",
       "      <th>1</th>\n",
       "      <td>93.14</td>\n",
       "      <td>2013-01-02</td>\n",
       "      <td>100</td>\n",
       "    </tr>\n",
       "    <tr>\n",
       "      <th>2</th>\n",
       "      <td>92.97</td>\n",
       "      <td>2013-01-03</td>\n",
       "      <td>100</td>\n",
       "    </tr>\n",
       "    <tr>\n",
       "      <th>3</th>\n",
       "      <td>93.12</td>\n",
       "      <td>2013-01-04</td>\n",
       "      <td>100</td>\n",
       "    </tr>\n",
       "    <tr>\n",
       "      <th>4</th>\n",
       "      <td>93.20</td>\n",
       "      <td>2013-01-07</td>\n",
       "      <td>100</td>\n",
       "    </tr>\n",
       "    <tr>\n",
       "      <th>...</th>\n",
       "      <td>...</td>\n",
       "      <td>...</td>\n",
       "      <td>...</td>\n",
       "    </tr>\n",
       "    <tr>\n",
       "      <th>1213</th>\n",
       "      <td>47.65</td>\n",
       "      <td>2017-08-25</td>\n",
       "      <td>100</td>\n",
       "    </tr>\n",
       "    <tr>\n",
       "      <th>1214</th>\n",
       "      <td>46.40</td>\n",
       "      <td>2017-08-28</td>\n",
       "      <td>100</td>\n",
       "    </tr>\n",
       "    <tr>\n",
       "      <th>1215</th>\n",
       "      <td>46.46</td>\n",
       "      <td>2017-08-29</td>\n",
       "      <td>100</td>\n",
       "    </tr>\n",
       "    <tr>\n",
       "      <th>1216</th>\n",
       "      <td>45.96</td>\n",
       "      <td>2017-08-30</td>\n",
       "      <td>100</td>\n",
       "    </tr>\n",
       "    <tr>\n",
       "      <th>1217</th>\n",
       "      <td>47.26</td>\n",
       "      <td>2017-08-31</td>\n",
       "      <td>100</td>\n",
       "    </tr>\n",
       "  </tbody>\n",
       "</table>\n",
       "<p>1218 rows × 3 columns</p>\n",
       "</div>"
      ],
      "text/plain": [
       "      dcoilwtico        date  benchmark\n",
       "0            NaN  2013-01-01        100\n",
       "1          93.14  2013-01-02        100\n",
       "2          92.97  2013-01-03        100\n",
       "3          93.12  2013-01-04        100\n",
       "4          93.20  2013-01-07        100\n",
       "...          ...         ...        ...\n",
       "1213       47.65  2017-08-25        100\n",
       "1214       46.40  2017-08-28        100\n",
       "1215       46.46  2017-08-29        100\n",
       "1216       45.96  2017-08-30        100\n",
       "1217       47.26  2017-08-31        100\n",
       "\n",
       "[1218 rows x 3 columns]"
      ]
     },
     "execution_count": 15,
     "metadata": {},
     "output_type": "execute_result"
    }
   ],
   "source": [
    "# Sorting the columns\n",
    "oil.sort_index(axis=1, ascending=False)"
   ]
  },
  {
   "cell_type": "markdown",
   "id": "78071e5b-6e41-4bc8-8b2d-7526e2d77863",
   "metadata": {},
   "source": [
    "---"
   ]
  },
  {
   "cell_type": "code",
   "execution_count": 18,
   "id": "7bb551cb-96e8-4dea-92d2-2d5384e7ec40",
   "metadata": {},
   "outputs": [
    {
     "data": {
      "text/html": [
       "<div>\n",
       "<style scoped>\n",
       "    .dataframe tbody tr th:only-of-type {\n",
       "        vertical-align: middle;\n",
       "    }\n",
       "\n",
       "    .dataframe tbody tr th {\n",
       "        vertical-align: top;\n",
       "    }\n",
       "\n",
       "    .dataframe thead th {\n",
       "        text-align: right;\n",
       "    }\n",
       "</style>\n",
       "<table border=\"1\" class=\"dataframe\">\n",
       "  <thead>\n",
       "    <tr style=\"text-align: right;\">\n",
       "      <th></th>\n",
       "      <th>date</th>\n",
       "      <th>dcoilwtico</th>\n",
       "      <th>benchmark</th>\n",
       "      <th>month</th>\n",
       "    </tr>\n",
       "  </thead>\n",
       "  <tbody>\n",
       "    <tr>\n",
       "      <th>0</th>\n",
       "      <td>2013-01-01</td>\n",
       "      <td>NaN</td>\n",
       "      <td>100</td>\n",
       "      <td>1</td>\n",
       "    </tr>\n",
       "    <tr>\n",
       "      <th>1</th>\n",
       "      <td>2013-01-02</td>\n",
       "      <td>93.14</td>\n",
       "      <td>100</td>\n",
       "      <td>1</td>\n",
       "    </tr>\n",
       "    <tr>\n",
       "      <th>2</th>\n",
       "      <td>2013-01-03</td>\n",
       "      <td>92.97</td>\n",
       "      <td>100</td>\n",
       "      <td>1</td>\n",
       "    </tr>\n",
       "    <tr>\n",
       "      <th>3</th>\n",
       "      <td>2013-01-04</td>\n",
       "      <td>93.12</td>\n",
       "      <td>100</td>\n",
       "      <td>1</td>\n",
       "    </tr>\n",
       "    <tr>\n",
       "      <th>4</th>\n",
       "      <td>2013-01-07</td>\n",
       "      <td>93.20</td>\n",
       "      <td>100</td>\n",
       "      <td>1</td>\n",
       "    </tr>\n",
       "    <tr>\n",
       "      <th>...</th>\n",
       "      <td>...</td>\n",
       "      <td>...</td>\n",
       "      <td>...</td>\n",
       "      <td>...</td>\n",
       "    </tr>\n",
       "    <tr>\n",
       "      <th>1213</th>\n",
       "      <td>2017-08-25</td>\n",
       "      <td>47.65</td>\n",
       "      <td>100</td>\n",
       "      <td>8</td>\n",
       "    </tr>\n",
       "    <tr>\n",
       "      <th>1214</th>\n",
       "      <td>2017-08-28</td>\n",
       "      <td>46.40</td>\n",
       "      <td>100</td>\n",
       "      <td>8</td>\n",
       "    </tr>\n",
       "    <tr>\n",
       "      <th>1215</th>\n",
       "      <td>2017-08-29</td>\n",
       "      <td>46.46</td>\n",
       "      <td>100</td>\n",
       "      <td>8</td>\n",
       "    </tr>\n",
       "    <tr>\n",
       "      <th>1216</th>\n",
       "      <td>2017-08-30</td>\n",
       "      <td>45.96</td>\n",
       "      <td>100</td>\n",
       "      <td>8</td>\n",
       "    </tr>\n",
       "    <tr>\n",
       "      <th>1217</th>\n",
       "      <td>2017-08-31</td>\n",
       "      <td>47.26</td>\n",
       "      <td>100</td>\n",
       "      <td>8</td>\n",
       "    </tr>\n",
       "  </tbody>\n",
       "</table>\n",
       "<p>1218 rows × 4 columns</p>\n",
       "</div>"
      ],
      "text/plain": [
       "            date  dcoilwtico  benchmark  month\n",
       "0     2013-01-01         NaN        100      1\n",
       "1     2013-01-02       93.14        100      1\n",
       "2     2013-01-03       92.97        100      1\n",
       "3     2013-01-04       93.12        100      1\n",
       "4     2013-01-07       93.20        100      1\n",
       "...          ...         ...        ...    ...\n",
       "1213  2017-08-25       47.65        100      8\n",
       "1214  2017-08-28       46.40        100      8\n",
       "1215  2017-08-29       46.46        100      8\n",
       "1216  2017-08-30       45.96        100      8\n",
       "1217  2017-08-31       47.26        100      8\n",
       "\n",
       "[1218 rows x 4 columns]"
      ]
     },
     "execution_count": 18,
     "metadata": {},
     "output_type": "execute_result"
    }
   ],
   "source": [
    "oil['month'] = oil['date'].astype('datetime64[ns]').dt.month\n",
    "oil"
   ]
  },
  {
   "cell_type": "code",
   "execution_count": 20,
   "id": "804f099b-a598-4ef2-b914-3f0607526144",
   "metadata": {},
   "outputs": [
    {
     "data": {
      "text/html": [
       "<div>\n",
       "<style scoped>\n",
       "    .dataframe tbody tr th:only-of-type {\n",
       "        vertical-align: middle;\n",
       "    }\n",
       "\n",
       "    .dataframe tbody tr th {\n",
       "        vertical-align: top;\n",
       "    }\n",
       "\n",
       "    .dataframe thead th {\n",
       "        text-align: right;\n",
       "    }\n",
       "</style>\n",
       "<table border=\"1\" class=\"dataframe\">\n",
       "  <thead>\n",
       "    <tr style=\"text-align: right;\">\n",
       "      <th></th>\n",
       "      <th>date</th>\n",
       "      <th>dcoilwtico</th>\n",
       "      <th>benchmark</th>\n",
       "      <th>month</th>\n",
       "    </tr>\n",
       "  </thead>\n",
       "  <tbody>\n",
       "    <tr>\n",
       "      <th>178</th>\n",
       "      <td>2013-09-06</td>\n",
       "      <td>110.62</td>\n",
       "      <td>100</td>\n",
       "      <td>9</td>\n",
       "    </tr>\n",
       "    <tr>\n",
       "      <th>171</th>\n",
       "      <td>2013-08-28</td>\n",
       "      <td>110.17</td>\n",
       "      <td>100</td>\n",
       "      <td>8</td>\n",
       "    </tr>\n",
       "    <tr>\n",
       "      <th>179</th>\n",
       "      <td>2013-09-09</td>\n",
       "      <td>109.62</td>\n",
       "      <td>100</td>\n",
       "      <td>9</td>\n",
       "    </tr>\n",
       "    <tr>\n",
       "      <th>170</th>\n",
       "      <td>2013-08-27</td>\n",
       "      <td>109.11</td>\n",
       "      <td>100</td>\n",
       "      <td>8</td>\n",
       "    </tr>\n",
       "    <tr>\n",
       "      <th>182</th>\n",
       "      <td>2013-09-12</td>\n",
       "      <td>108.72</td>\n",
       "      <td>100</td>\n",
       "      <td>9</td>\n",
       "    </tr>\n",
       "    <tr>\n",
       "      <th>...</th>\n",
       "      <td>...</td>\n",
       "      <td>...</td>\n",
       "      <td>...</td>\n",
       "      <td>...</td>\n",
       "    </tr>\n",
       "    <tr>\n",
       "      <th>1079</th>\n",
       "      <td>2017-02-20</td>\n",
       "      <td>NaN</td>\n",
       "      <td>100</td>\n",
       "      <td>2</td>\n",
       "    </tr>\n",
       "    <tr>\n",
       "      <th>1118</th>\n",
       "      <td>2017-04-14</td>\n",
       "      <td>NaN</td>\n",
       "      <td>100</td>\n",
       "      <td>4</td>\n",
       "    </tr>\n",
       "    <tr>\n",
       "      <th>1149</th>\n",
       "      <td>2017-05-29</td>\n",
       "      <td>NaN</td>\n",
       "      <td>100</td>\n",
       "      <td>5</td>\n",
       "    </tr>\n",
       "    <tr>\n",
       "      <th>1174</th>\n",
       "      <td>2017-07-03</td>\n",
       "      <td>NaN</td>\n",
       "      <td>100</td>\n",
       "      <td>7</td>\n",
       "    </tr>\n",
       "    <tr>\n",
       "      <th>1175</th>\n",
       "      <td>2017-07-04</td>\n",
       "      <td>NaN</td>\n",
       "      <td>100</td>\n",
       "      <td>7</td>\n",
       "    </tr>\n",
       "  </tbody>\n",
       "</table>\n",
       "<p>1218 rows × 4 columns</p>\n",
       "</div>"
      ],
      "text/plain": [
       "            date  dcoilwtico  benchmark  month\n",
       "178   2013-09-06      110.62        100      9\n",
       "171   2013-08-28      110.17        100      8\n",
       "179   2013-09-09      109.62        100      9\n",
       "170   2013-08-27      109.11        100      8\n",
       "182   2013-09-12      108.72        100      9\n",
       "...          ...         ...        ...    ...\n",
